[reception.jpg]
filters=finetune2=1,0.093567,0.154386,0.000000,00000000,0.000000;
moddate=404ef25a3f65d501
width=3456
height=4608
textactive=0
[debut.jpg]
rotate=rotate(1)
moddate=c452ef633f65d501
width=3264
height=2448
textactive=0
[bellemont.jpg]
rotate=rotate(1)
moddate=381a95db3f65d501
width=3264
height=2448
textactive=0
